-4.696462019432630086e-01 -3.699313906860570156e-01
-4.464701067592969919e-01 -3.329309708956574854e-01
-4.232940115753309751e-01 -3.091547971891955293e-01
-4.001179163913649584e-01 -2.914337058094373378e-01
-3.769418212073989416e-01 -2.737837959902679752e-01
-3.537657260234329248e-01 -2.550351403532051808e-01
-3.305896308394669081e-01 -2.352398147460267319e-01
-3.074135356555008913e-01 -2.144498951750225257e-01
-2.842374404715348746e-01 -1.927174576464825151e-01
-2.610613452875688578e-01 -1.700945781666964307e-01
-2.378852501036028133e-01 -1.466333327419541699e-01
-2.147091549196367688e-01 -1.223857973785457132e-01
-1.915330597356707520e-01 -9.740404808276087456e-02
-1.683569645517047353e-01 -7.174016086088957911e-02
-1.451808693677387185e-01 -4.544621171922152980e-02
-1.220047741837727018e-01 -1.857427666404681821e-02
-9.882867899980668502e-02 8.823568298344741656e-03
-7.565258381584066827e-02 3.669524716166333578e-02
-5.247648863187465151e-02 6.498868391961909463e-02
-2.930039344790863476e-02 9.365180256592187114e-02
-6.124298263942618004e-03 1.226325270942824064e-01
1.705179692002339875e-02 1.518787814984100537e-01
4.022789210398947102e-02 1.813384897720156652e-01
6.340398728795548777e-02 2.109595759088088718e-01
8.658008247192150453e-02 2.406899639025000259e-01
1.097561776558875213e-01 2.704775777467990916e-01
1.329322728398535380e-01 3.002703414354163103e-01
1.561083680238195548e-01 3.300161789620616459e-01
1.792844632077855715e-01 3.596630143204454511e-01
2.024605583917515883e-01 3.891587715042778561e-01
2.256366535757176051e-01 4.184513745072688806e-01
2.488127487596836218e-01 4.474887473231284329e-01
2.719888439436496386e-01 4.762188139455671432e-01
2.951649391276156553e-01 5.045894983682946977e-01
3.183410343115816721e-01 5.325487245850213380e-01
3.415171294955476888e-01 5.600444165894572501e-01
3.646932246795137056e-01 5.870244983753123424e-01
3.878693198634797223e-01 6.134368939362973006e-01
4.110454150474457391e-01 6.392232072213444027e-01
4.342215102314117559e-01 6.641623597123171852e-01
4.573976054153777726e-01 6.878603426116280950e-01
4.805737005993437894e-01 7.099147751164769371e-01
5.037497957833098061e-01 7.299232764240650706e-01
5.269258909672758229e-01 7.474834657315928554e-01
5.501019861512419507e-01 7.621929622477793265e-01
5.732780813352078564e-01 7.737863484094741340e-01
5.964541765191739842e-01 7.825388748044019849e-01
6.196302717031398899e-01 7.888591863616657429e-01
6.428063668871060177e-01 7.931559280103686049e-01
6.659824620710719234e-01 7.958377446796142118e-01
6.891585572550380512e-01 7.973132812985057605e-01
7.123346524390039569e-01 7.979911827961463366e-01
7.355107476229700847e-01 7.982800941016394702e-01
7.586868428069359904e-01 7.985842417743530541e-01
7.818629379909021182e-01 7.991074871334443719e-01
8.050390331748680239e-01 7.997755373763981712e-01
8.282151283588341517e-01 8.004935968571178506e-01
8.513912235428000574e-01 8.011668699295068086e-01
8.745673187267661852e-01 8.017005609474687766e-01
8.977434139107320910e-01 8.019998742649077084e-01
9.209195090946982187e-01 8.019700142357266692e-01
9.440956042786641245e-01 8.015161852138297238e-01
9.672716994626302522e-01 8.005435915531200486e-01
9.904477946465961580e-01 7.989574376075012641e-01
1.013623889830562286e+00 7.966629277308773238e-01
1.036799985014528414e+00 7.935652662771519594e-01
1.059976080198494319e+00 7.895696576002282363e-01
1.083152175382460447e+00 7.845813060540096640e-01
1.106328270566426353e+00 7.790883701228621394e-01
